/home/steve/IdeaProjects/tqec/.venv/bin/python /home/steve/IdeaProjects/tqec/streaming.py
Benchmarking streaming with nx=5, ny=5, t=100, k=2

Initial stream generation time (s): 0.00000072

Index, Time Taken (s), Time Elapsed (s), Total Circuit Size (bytes), Circuit Snippet
Partition 1/12 layer tree generation time (s): 3.865647077560425
0, 4.32653427, 4.32653904, 0, QUBIT_COORDS(0, 0) 0
1, 0.54676509, 4.87344432, 43565, RX 2 4 8 10 14 16 20
2, 0.31816864, 5.19173336, 77837, REPEAT 3 {     TICK
3, 0.00017762, 5.19207072, 126923, TICK
4, 0.19409657, 5.38617325, 126927, RX 2 4 8 10 14 16 20
5, 0.00019503, 5.38651371, 173519, TICK
6, 0.23101282, 5.61753321, 173523, RX 2 4 8 10 14 16 20
7, 0.22879815, 5.84649110, 223388, REPEAT 3 {     TICK
8, 0.00018978, 5.84685087, 278220, TICK
9, 0.23187447, 6.07873201, 278224, RX 2 4 8 10 14 16 20
10, 0.00023127, 6.07912874, 330628, TICK
11, 0.23101807, 6.31015396, 330632, RX 2 4 8 10 14 16 20
12, 0.23458242, 6.54490471, 381697, REPEAT 3 {     TICK
13, 0.00019479, 6.54527259, 437094, TICK
14, 0.23613429, 6.78141594, 437098, RX 2 4 8 10 14 16 20
15, 0.00024915, 6.78184152, 490058, TICK
16, 0.22543502, 7.00728345, 490062, RX 2 4 8 10 12 14 16
17, 0.22565365, 7.23310280, 540454, REPEAT 3 {     TICK
18, 0.00018597, 7.23345804, 594588, TICK
19, 0.22848630, 7.46195030, 594592, RX 2 4 8 10 12 14 16
20, 0.00021982, 7.46233773, 646281, TICK
21, 0.23588705, 7.69823194, 646285, RX 2 4 8 10 14 16 18
22, 0.23635268, 7.93475652, 697809, REPEAT 3 {     TICK
23, 0.00020528, 7.93514395, 753965, TICK
24, 0.24151516, 8.17666674, 753969, RX 2 4 8 10 14 16 18
25, 0.00024033, 8.17708278, 807714, TICK
26, 0.63703489, 8.81412601, 807718, RX 2 4 8 10 14 16 20
27, 0.23178530, 9.04607773, 858745, REPEAT 3 {     TICK
28, 0.00019097, 9.04643917, 913650, TICK
29, 0.23416734, 9.28061366, 913654, RX 2 4 8 10 14 16 20
30, 0.00022340, 9.28100562, 966147, TICK
31, 0.22321224, 9.50422549, 966151, RX 2 4 8 10 14 16 20
32, 0.22592425, 9.73032403, 1016392, REPEAT 3 {     TICK
33, 0.00018311, 9.73068380, 1070205, TICK
34, 0.22622442, 9.95691466, 1070209, RX 2 4 8 10 14 16 20
35, 0.00021672, 9.95729327, 1121593, TICK
36, 0.21713567, 10.17443657, 1121597, RX 2 4 6 8 10 14 16
37, 0.21945715, 10.39406276, 1171191, REPEAT 3 {     TICK
38, 0.00018024, 10.39440727, 1224285, TICK
39, 0.22301936, 10.61743331, 1224289, RX 2 4 6 8 10 14 16
40, 0.00022078, 10.61781716, 1274938, TICK
41, 0.22229242, 10.84011698, 1274942, RX 2 4 8 10 12 14 16
42, 0.22359252, 11.06387520, 1324656, REPEAT 3 {     TICK
43, 0.00018620, 11.06423163, 1378220, TICK
44, 0.22459865, 11.28883696, 1378224, RX 2 4 8 10 12 14 16
45, 0.00021434, 11.28921866, 1429331, TICK
46, 0.22639942, 11.51562595, 1429335, RX 2 4 8 10 14 16 18
47, 0.62948728, 12.14528084, 1479581, REPEAT 3 {     TICK
48, 0.00018883, 12.14564133, 1533822, TICK
49, 2.53298855, 14.67863655, 1533826, RX 2 4 8 10 14 16 18
Partition 2/12 layer tree generation time (s): 3.7275774478912354
50, 5.36672091, 20.04559112, 1585618, TICK
51, 0.50660491, 20.55220962, 1585622, RX 2 4 6 8 10 14 16
52, 0.22455192, 20.77693939, 1635598, REPEAT 3 {     TICK
53, 0.00018787, 20.77729940, 1689244, TICK
54, 0.22713852, 21.00444579, 1689248, RX 2 4 6 8 10 14 16
55, 0.00025034, 21.00486159, 1740452, TICK
56, 0.21264815, 21.21751666, 1740456, RX 2 4 8 10 14 16 18
57, 0.21407223, 21.43175268, 1789356, REPEAT 3 {     TICK
58, 0.00017643, 21.43209648, 1841274, TICK
59, 0.59838367, 22.03048682, 1841278, RX 2 4 8 10 14 16 18
60, 0.00023079, 22.03088140, 1890727, TICK
61, 0.22057509, 22.25146389, 1890731, RX 2 4 8 10 14 16 20
62, 0.22221231, 22.47385144, 1940075, REPEAT 3 {     TICK
63, 0.00018716, 22.47420931, 1993203, TICK
64, 0.22431660, 22.69853377, 1993207, RX 2 4 8 10 14 16 20
65, 0.00025320, 22.69895148, 2043889, TICK
66, 0.23457479, 22.93353415, 2043893, RX 2 4 8 10 14 16 20
67, 0.23710966, 23.17081332, 2094845, REPEAT 3 {     TICK
68, 0.00019121, 23.17117810, 2150366, TICK
69, 0.24079585, 23.41198087, 2150370, RX 2 4 8 10 14 16 20
70, 0.00022626, 23.41237926, 2203482, TICK
71, 0.22912765, 23.64151525, 2203486, RX 2 4 8 10 14 16 20
72, 0.23142934, 23.87311339, 2253956, REPEAT 3 {     TICK
73, 0.00019360, 23.87347627, 2308173, TICK
74, 0.23087025, 24.10435343, 2308177, RX 2 4 8 10 14 16 20
75, 0.00023007, 24.10475135, 2359972, TICK
76, 0.65460205, 24.75936079, 2359976, RX 2 4 8 10 14 16 20
77, 0.22062993, 24.98015642, 2409658, REPEAT 3 {     TICK
78, 0.00018096, 24.98050737, 2462779, TICK
79, 0.22187495, 25.20238972, 2462783, RX 2 4 8 10 14 16 20
80, 0.00024271, 25.20279551, 2513466, TICK
81, 0.22073221, 25.42353511, 2513470, RX 2 4 8 10 14 16 20
82, 0.22331285, 25.64702511, 2562992, REPEAT 3 {     TICK
83, 0.00018549, 25.64738226, 2616122, TICK
84, 0.22326827, 25.87065816, 2616126, RX 2 4 8 10 14 16 20
85, 0.00024748, 25.87107348, 2666815, TICK
86, 0.22702718, 26.09810853, 2666819, RX 2 4 8 10 14 16 20
87, 0.22844696, 26.32672429, 2717008, REPEAT 3 {     TICK
88, 0.00020456, 26.32710433, 2771302, TICK
89, 0.23018622, 26.55729961, 2771306, RX 2 4 8 10 14 16 20
90, 0.00025940, 26.55773211, 2823156, TICK
91, 0.56212330, 27.11986423, 2823160, RX 2 4 8 10 14 16 20
92, 0.22464395, 27.34467816, 2873293, REPEAT 3 {     TICK
93, 0.00018024, 27.34503174, 2927088, TICK
94, 1.60942054, 28.95445967, 2927092, RX 2 4 8 10 14 16 20
Partition 3/12 layer tree generation time (s): 4.150684118270874
95, 5.73522830, 34.68993568, 2978477, TICK
96, 0.23651242, 34.92646456, 2978481, RX 2 4 8 10 14 16 18
97, 0.24427509, 35.17091703, 3029837, REPEAT 3 {     TICK
98, 0.00019026, 35.17128944, 3085906, TICK
99, 0.24541235, 35.41670918, 3085910, RX 2 4 8 10 14 16 18
100, 0.00024366, 35.41713142, 3139580, TICK
101, 0.77577615, 36.19291496, 3139584, RX 2 4 8 10 14 16 20
102, 0.23352623, 36.42660832, 3190650, REPEAT 3 {     TICK
103, 0.00019264, 36.42697692, 3245607, TICK
104, 0.23592758, 36.66291213, 3245611, RX 2 4 8 10 14 16 20
105, 0.00023055, 36.66331005, 3298170, TICK
106, 0.22690034, 36.89021826, 3298174, RX 2 4 8 10 14 16 20
107, 0.65021157, 37.54060578, 3348634, REPEAT 3 {     TICK
108, 0.00018191, 37.54095888, 3402922, TICK
109, 0.23649740, 37.77746463, 3402926, RX 2 4 8 10 14 16 20
110, 0.00023890, 37.77787662, 3454780, TICK
111, 0.37008238, 38.14796877, 3454784, RX 2 4 8 10 14 16 20
112, 0.23190022, 38.38004708, 3505014, REPEAT 3 {     TICK
113, 0.00018859, 38.38041258, 3559157, TICK
114, 0.23264170, 38.61306143, 3559161, RX 2 4 8 10 14 16 20
115, 0.00023055, 38.61346269, 3610852, TICK
116, 0.22791862, 38.84138894, 3610856, RX 2 4 8 10 14 16 20
117, 0.23129892, 39.07286620, 3661222, REPEAT 3 {     TICK
118, 0.00020337, 39.07324481, 3715502, TICK
119, 0.23297739, 39.30622911, 3715506, RX 2 4 8 10 14 16 20
120, 0.00022268, 39.30661774, 3767369, TICK
121, 0.23117352, 39.53779912, 3767373, RX 2 4 6 8 10 12 14
122, 0.23396850, 39.77194142, 3818029, REPEAT 3 {     TICK
123, 0.00020885, 39.77232385, 3872838, TICK
124, 0.23491502, 40.00724745, 3872842, RX 2 4 6 8 10 12 14
125, 0.00030112, 40.00777316, 3925227, TICK
126, 0.68190241, 40.68968606, 3925231, RX 2 4 8 10 14 16 20
127, 0.22152519, 40.91139889, 3974953, REPEAT 3 {     TICK
128, 0.00018430, 40.91175508, 4028015, TICK
129, 0.22268820, 41.13445091, 4028019, RX 2 4 8 10 14 16 20
130, 0.00022674, 41.13485003, 4078625, TICK
131, 0.23199034, 41.36684847, 4078629, RX 2 4 8 10 14 16 20
132, 0.23476863, 41.60178924, 4128982, REPEAT 3 {     TICK
133, 0.00018883, 41.60216737, 4183686, TICK
134, 0.23521996, 41.83739662, 4183690, RX 2 4 8 10 14 16 20
135, 0.00023460, 41.83780169, 4235961, TICK
136, 0.22638464, 42.06419492, 4235965, RX 2 4 6 8 10 12 14
137, 0.22866392, 42.29303145, 4286291, REPEAT 3 {     TICK
138, 0.00019097, 42.29341054, 4340447, TICK
139, 2.56233311, 44.85575271, 4340451, RX 2 4 6 8 10 12 14
Partition 4/12 layer tree generation time (s): 4.311513423919678
140, 6.12335777, 50.97935796, 4392168, TICK
141, 0.24338293, 51.22275305, 4392172, RX 2 4 8 10 14 16 18
142, 0.24707603, 51.47000766, 4444229, REPEAT 3 {     TICK
143, 0.00019860, 51.47040820, 4501419, TICK
144, 0.25124359, 51.72165918, 4501423, RX 2 4 8 10 14 16 18
145, 0.00023437, 51.72206783, 4556222, TICK
146, 0.45540810, 52.17748404, 4556226, RX 2 4 6 8 10 12 14
147, 0.23868012, 52.41633582, 4607904, REPEAT 3 {     TICK
148, 0.00020123, 52.41671705, 4663801, TICK
149, 0.24200010, 52.65872383, 4663805, RX 2 4 6 8 10 12 14
150, 0.00023079, 52.65912700, 4717279, TICK
151, 0.23308825, 52.89222383, 4717283, RX 2 4 6 8 10 14 16
152, 0.23518682, 53.12759113, 4768557, REPEAT 3 {     TICK
153, 0.00018644, 53.12795949, 4823958, TICK
154, 0.67471671, 53.80268288, 4823962, RX 2 4 6 8 10 14 16
155, 0.00023985, 53.80309272, 4876956, TICK
156, 0.23401999, 54.03712010, 4876960, RX 2 4 6 8 10 12 14
157, 0.23768854, 54.27498531, 4928013, REPEAT 3 {     TICK
158, 0.00020266, 54.27537179, 4983295, TICK
159, 0.23893952, 54.51432014, 4983299, RX 2 4 6 8 10 12 14
160, 0.00024152, 54.51473236, 5036147, TICK
161, 0.23546457, 54.75020576, 5036151, RX 2 4 8 10 14 16 20
162, 0.23676324, 54.98714113, 5087421, REPEAT 3 {     TICK
163, 0.02824616, 55.01556802, 5142919, TICK
164, 0.23837185, 55.25396943, 5142923, RX 2 4 8 10 14 16 20
165, 0.00024986, 55.25440192, 5196004, TICK
166, 0.37211132, 55.62652040, 5196008, RX 2 4 8 10 12 14 16
167, 0.23567700, 55.86236572, 5247160, REPEAT 3 {     TICK
168, 0.00018859, 55.86273718, 5302534, TICK
169, 0.23680186, 56.09954667, 5302538, RX 2 4 8 10 12 14 16
170, 0.00022602, 56.09994841, 5355478, TICK
171, 0.23018885, 56.33014607, 5355482, RX 2 4 8 10 14 16 20
172, 0.23179483, 56.56211305, 5406467, REPEAT 3 {     TICK
173, 0.00019193, 56.56248045, 5461419, TICK
174, 0.23414588, 56.79663372, 5461423, RX 2 4 8 10 14 16 20
175, 0.00023007, 56.79703259, 5513947, TICK
176, 0.23044777, 57.02748704, 5513951, RX 2 4 8 10 14 16 18
177, 0.69290495, 57.72056198, 5564857, REPEAT 3 {     TICK
178, 0.00018644, 57.72092366, 5619812, TICK
179, 0.23435807, 57.95528936, 5619816, RX 2 4 8 10 14 16 18
180, 0.00024056, 57.95570636, 5672348, TICK
181, 0.44155407, 58.39727187, 5672352, RX 2 4 6 8 10 14 16
182, 0.24258637, 58.64005136, 5723501, REPEAT 3 {     TICK
183, 0.00019312, 58.64041686, 5778942, TICK
184, 2.46774745, 61.10817099, 5778946, RX 2 4 6 8 10 14 16
Partition 5/12 layer tree generation time (s): 4.292286157608032
185, 6.14916301, 67.25757337, 5831987, TICK
186, 0.22515845, 67.48274541, 5831991, RX 2 4 8 10 14 16 18
187, 0.22966003, 67.71257734, 5882449, REPEAT 3 {     TICK
188, 0.00018835, 67.71294522, 5936648, TICK
189, 0.22938871, 67.94234204, 5936652, RX 2 4 8 10 14 16 18
190, 0.00023961, 67.94275594, 5988416, TICK
191, 0.23326349, 68.17602754, 5988420, RX 2 4 8 10 14 16 18
192, 0.23568726, 68.41188407, 6039346, REPEAT 3 {     TICK
193, 0.00018573, 68.41224265, 6094677, TICK
194, 0.23847580, 68.65072584, 6094681, RX 2 4 8 10 14 16 18
195, 0.00022888, 68.65112424, 6147584, TICK
196, 0.51804519, 69.16917920, 6147588, RX 2 4 8 10 14 16 18
197, 0.23259187, 69.40195107, 6198390, REPEAT 3 {     TICK
198, 0.00020385, 69.40232944, 6253179, TICK
199, 0.23581934, 69.63815641, 6253183, RX 2 4 8 10 14 16 18
200, 0.00024056, 69.63856936, 6305545, TICK
201, 0.43408632, 70.07266521, 6305549, RX 2 4 8 10 14 16 18
202, 0.25057817, 70.32342839, 6357995, REPEAT 3 {     TICK
203, 0.00019002, 70.32380128, 6415743, TICK
204, 0.25206137, 70.57587004, 6415747, RX 2 4 8 10 14 16 18
205, 0.00025368, 70.57630920, 6471095, TICK
206, 0.82890964, 71.40522790, 6471099, RX 2 4 8 10 14 16 20
207, 0.23273253, 71.63813567, 6522430, REPEAT 3 {     TICK
208, 0.00019121, 71.63850713, 6577392, TICK
209, 0.23628569, 71.87479997, 6577396, RX 2 4 8 10 14 16 20
210, 0.00023460, 71.87520242, 6629965, TICK
211, 0.36805463, 72.24326491, 6629969, RX 2 4 8 10 14 16 18
212, 0.23307729, 72.47650933, 6680713, REPEAT 3 {     TICK
213, 0.00019073, 72.47688174, 6735533, TICK
214, 0.23649025, 72.71338129, 6735537, RX 2 4 8 10 14 16 18
215, 0.00022793, 72.71378469, 6787916, TICK
216, 0.22405934, 72.93785167, 6787920, RX 2 4 8 10 14 16 20
217, 0.22542882, 73.16344738, 6838078, REPEAT 3 {     TICK
218, 0.00018978, 73.16381502, 6891810, TICK
219, 0.22780609, 73.39162922, 6891814, RX 2 4 8 10 14 16 20
220, 0.00023580, 73.39203119, 6943119, TICK
221, 0.23275495, 73.62479591, 6943123, RX 2 4 8 10 14 16 20
222, 0.23569536, 73.86066437, 6993641, REPEAT 3 {     TICK
223, 0.00020003, 73.86103868, 7048423, TICK
224, 0.70328140, 74.56432700, 7048427, RX 2 4 8 10 14 16 20
225, 0.00024199, 74.56473994, 7100758, TICK
226, 0.23938918, 74.80413723, 7100762, RX 2 4 8 10 12 14 16
227, 0.23981690, 75.04412723, 7152169, REPEAT 3 {     TICK
228, 0.00020099, 75.04450488, 7208127, TICK
229, 3.22321510, 78.26772714, 7208131, RX 2 4 8 10 12 14 16
Partition 6/12 layer tree generation time (s): 4.073074579238892
230, 5.74704599, 84.01500940, 7261677, TICK
231, 0.80666828, 84.82169271, 7261681, RX 2 4 8 10 12 14 16
232, 0.22380352, 85.04568148, 7311693, REPEAT 3 {     TICK
233, 0.00018096, 85.04603267, 7364859, TICK
234, 0.22179341, 85.26783371, 7364863, RX 2 4 8 10 12 14 16
235, 0.00023723, 85.26824713, 7415590, TICK
236, 0.23048472, 85.49874139, 7415594, RX 2 4 6 8 10 14 16
237, 0.23336029, 85.73229051, 7466128, REPEAT 3 {     TICK
238, 0.00019264, 85.73266649, 7520991, TICK
239, 0.23455811, 85.96723437, 7520995, RX 2 4 6 8 10 14 16
240, 0.00025272, 85.96767569, 7573428, TICK
241, 0.23466444, 86.20234728, 7573432, RX 2 4 8 10 14 16 18
242, 0.23965025, 86.44218278, 7624544, REPEAT 3 {     TICK
243, 0.00020218, 86.44256496, 7679969, TICK
244, 0.24373507, 86.68630886, 7679973, RX 2 4 8 10 14 16 18
245, 0.00025296, 86.68674755, 7732983, TICK
246, 0.23120975, 86.91796589, 7732987, RX 2 4 8 10 14 16 20
247, 0.22979045, 87.14794564, 7783248, REPEAT 3 {     TICK
248, 0.00018144, 87.14829707, 7836993, TICK
249, 0.27632928, 87.42463517, 7836997, RX 2 4 8 10 14 16 20
250, 0.00031471, 87.42517304, 7888303, TICK
251, 0.71954465, 88.14472890, 7888307, RX 2 4 8 10 14 16 20
252, 0.24208808, 88.38699555, 7939187, REPEAT 3 {     TICK
253, 0.00018525, 88.38735533, 7994565, TICK
254, 0.23940420, 88.62676811, 7994569, RX 2 4 8 10 14 16 20
255, 0.00025368, 88.62720370, 8047535, TICK
256, 0.23914623, 88.86635804, 8047539, RX 2 4 8 10 14 16 20
257, 0.23741651, 89.10396051, 8098689, REPEAT 3 {     TICK
258, 0.00020075, 89.10434008, 8154080, TICK
259, 0.73661900, 89.84096622, 8154084, RX 2 4 8 10 14 16 20
260, 0.00024199, 89.84138441, 8207051, TICK
261, 0.24456811, 90.08596158, 8207055, RX 2 4 6 8 10 14 16
262, 0.25885320, 90.34499478, 8258927, REPEAT 3 {     TICK
263, 0.00020790, 90.34539270, 8315501, TICK
264, 0.27165556, 90.61705875, 8315505, RX 2 4 6 8 10 14 16
265, 0.00038767, 90.61770868, 8369665, TICK
266, 0.26968455, 90.88740492, 8369669, RX 2 4 6 8 10 12 14
267, 0.24926519, 91.13684416, 8421596, REPEAT 3 {     TICK
268, 0.00018668, 91.13720512, 8478079, TICK
269, 0.25745273, 91.39466453, 8478083, RX 2 4 6 8 10 12 14
270, 0.00023389, 91.39507341, 8532163, TICK
271, 0.23738527, 91.63246775, 8532167, RX 2 4 8 10 14 16 20
272, 0.25135374, 91.88401771, 8583480, REPEAT 3 {     TICK
273, 0.00019646, 91.88439846, 8638853, TICK
274, 3.14605951, 95.03046536, 8638857, RX 2 4 8 10 14 16 20
Partition 7/12 layer tree generation time (s): 4.22878885269165
275, 5.81165886, 100.84237027, 8691820, TICK
276, 0.23341298, 101.07579827, 8691824, RX 2 4 8 10 14 16 20
277, 0.23415184, 101.31012845, 8742654, REPEAT 3 {     TICK
278, 0.00019717, 101.31050444, 8797478, TICK
279, 0.23829770, 101.54881024, 8797482, RX 2 4 8 10 14 16 20
280, 0.00028372, 101.54928899, 8849873, TICK
281, 0.22913289, 101.77843094, 8849877, RX 2 4 8 10 14 16 20
282, 0.22933841, 102.00794840, 8900017, REPEAT 3 {     TICK
283, 0.00018978, 102.00831652, 8953741, TICK
284, 0.67623544, 102.68456221, 8953745, RX 2 4 8 10 14 16 20
285, 0.00023866, 102.68498850, 9005002, TICK
286, 0.24793315, 102.93293071, 9005006, RX 2 4 8 10 14 16 20
287, 0.24854136, 103.18165231, 9056797, REPEAT 3 {     TICK
288, 0.00020480, 103.18204594, 9113553, TICK
289, 0.24960446, 103.43166018, 9113557, RX 2 4 8 10 14 16 20
290, 0.00027180, 103.43212295, 9167911, TICK
291, 0.45520329, 103.88733602, 9167915, RX 2 4 8 10 14 16 20
292, 0.23460031, 104.12213898, 9218934, REPEAT 3 {     TICK
293, 0.00019217, 104.12251949, 9273760, TICK
294, 0.24055719, 104.36308837, 9273764, RX 2 4 8 10 14 16 20
295, 0.00030255, 104.36359191, 9326164, TICK
296, 0.22393632, 104.58754134, 9326168, RX 2 4 8 10 14 16 20
297, 0.22619152, 104.81394172, 9375655, REPEAT 3 {     TICK
298, 0.00018787, 104.81430125, 9428223, TICK
299, 0.22441292, 105.03872681, 9428227, RX 2 4 8 10 14 16 20
300, 0.00034022, 105.03926682, 9478353, TICK
301, 0.23948574, 105.27876019, 9478357, RX 2 4 8 10 14 16 20
302, 0.71861410, 105.99754643, 9528438, REPEAT 3 {     TICK
303, 0.00018907, 105.99790835, 9582701, TICK
304, 0.23994970, 106.23786569, 9582705, RX 2 4 8 10 14 16 20
305, 0.00023293, 106.23827147, 9634546, TICK
306, 0.23053026, 106.46880984, 9634550, RX 2 4 8 10 12 14 16
307, 0.22926426, 106.69824767, 9684222, REPEAT 3 {     TICK
308, 0.00018477, 106.69860435, 9737320, TICK
309, 0.22986770, 106.92848134, 9737324, RX 2 4 8 10 12 14 16
310, 0.00025058, 106.92891431, 9787973, TICK
311, 0.46103096, 107.38995552, 9787977, RX 2 4 6 8 10 14 16
312, 0.24064136, 107.63078356, 9838947, REPEAT 3 {     TICK
313, 0.00019193, 107.63115120, 9894485, TICK
314, 0.24197412, 107.87313294, 9894489, RX 2 4 6 8 10 14 16
315, 0.00025606, 107.87356424, 9947621, TICK
316, 0.37371731, 108.24728918, 9947625, RX 2 4 8 10 14 16 18
317, 0.23694873, 108.48441172, 9998677, REPEAT 3 {     TICK
318, 0.00019693, 108.48478699, 10053949, TICK
319, 2.76238441, 111.24717975, 10053953, RX 2 4 8 10 14 16 18
Partition 8/12 layer tree generation time (s): 4.266804218292236
320, 5.95705414, 117.20448780, 10106791, TICK
321, 0.45518613, 117.65969014, 10106795, RX 2 4 6 8 10 12 14
322, 0.24041343, 117.90030503, 10158244, REPEAT 3 {     TICK
323, 0.00019288, 117.90067959, 10214184, TICK
324, 0.24308896, 118.14377594, 10214188, RX 2 4 6 8 10 12 14
325, 0.00025225, 118.14421439, 10267729, TICK
326, 0.37404752, 118.51827145, 10267733, RX 2 4 8 10 14 16 20
327, 0.23845291, 118.75691319, 10319108, REPEAT 3 {     TICK
328, 0.00019145, 118.75728416, 10374620, TICK
329, 0.23884749, 118.99613929, 10374624, RX 2 4 8 10 14 16 20
330, 0.00023651, 118.99655008, 10427730, TICK
331, 0.64655590, 119.64311790, 10427734, RX 2 4 8 10 14 16 20
332, 0.23976040, 119.88308263, 10479285, REPEAT 3 {     TICK
333, 0.00019169, 119.88345718, 10535298, TICK
334, 0.24285412, 120.12631798, 10535302, RX 2 4 8 10 14 16 20
335, 0.00023150, 120.12673569, 10588925, TICK
336, 0.24064970, 120.36739302, 10588929, RX 2 4 8 10 14 16 20
337, 0.24270153, 120.61027384, 10640953, REPEAT 3 {     TICK
338, 0.00020647, 120.61067915, 10697612, TICK
339, 0.24828291, 120.85896873, 10697616, RX 2 4 8 10 14 16 20
340, 0.00024104, 120.85938740, 10751872, TICK
341, 0.43043065, 121.28982568, 10751876, RX 2 4 8 10 14 16 20
342, 0.22529054, 121.51528835, 10802302, REPEAT 3 {     TICK
343, 0.00018287, 121.51564622, 10856042, TICK
344, 0.22942138, 121.74507475, 10856046, RX 2 4 8 10 14 16 20
345, 0.00025725, 121.74550509, 10907356, TICK
346, 0.22910213, 121.97461486, 10907360, RX 2 4 8 10 14 16 20
347, 0.22976732, 122.20455599, 10957714, REPEAT 3 {     TICK
348, 0.00019026, 122.20493746, 11012066, TICK
349, 0.22998023, 122.43492508, 11012070, RX 2 4 8 10 14 16 20
350, 0.00024295, 122.43533731, 11064001, TICK
351, 0.23969507, 122.67503977, 11064005, RX 2 4 6 8 10 12 14
352, 0.24026299, 122.91547847, 11114866, REPEAT 3 {     TICK
353, 0.00019360, 122.91585135, 11170135, TICK
354, 0.24192595, 123.15778470, 11170139, RX 2 4 6 8 10 12 14
355, 0.00023079, 123.15818739, 11222961, TICK
356, 0.90456128, 124.06275630, 11222965, RX 2 4 8 10 14 16 20
357, 0.22867322, 124.29159665, 11273522, REPEAT 3 {     TICK
358, 0.00018787, 124.29195738, 11327801, TICK
359, 0.23072553, 124.52268958, 11327805, RX 2 4 8 10 14 16 20
360, 0.00023293, 124.52309632, 11379664, TICK
361, 0.23442292, 124.75752807, 11379668, RX 2 4 8 10 14 16 20
362, 0.23405647, 124.99175549, 11430406, REPEAT 3 {     TICK
363, 0.00018835, 124.99211788, 11485311, TICK
364, 2.74529481, 127.73741913, 11485315, RX 2 4 8 10 14 16 20
Partition 9/12 layer tree generation time (s): 4.296793460845947
365, 5.88075352, 133.61841607, 11537800, TICK
366, 0.37369347, 133.99212313, 11537804, RX 2 4 8 10 14 16 18
367, 0.23463798, 134.22693610, 11589047, REPEAT 3 {     TICK
368, 0.00020766, 134.22733235, 11644588, TICK
369, 0.23744535, 134.46478605, 11644592, RX 2 4 8 10 14 16 18
370, 0.00024033, 134.46520400, 11697718, TICK
371, 0.22773814, 134.69295049, 11697722, RX 2 4 8 10 14 16 20
372, 0.23116636, 134.92431164, 11748262, REPEAT 3 {     TICK
373, 0.00020385, 134.92470551, 11802534, TICK
374, 0.22921991, 135.15393472, 11802538, RX 2 4 8 10 14 16 20
375, 0.00026107, 135.15437412, 11854365, TICK
376, 0.23133636, 135.38571954, 11854369, RX 2 4 8 10 14 16 20
377, 0.23208690, 135.61799002, 11904976, REPEAT 3 {     TICK
378, 0.00019217, 135.61835766, 11959744, TICK
379, 0.23530960, 135.85367489, 11959748, RX 2 4 8 10 14 16 20
380, 0.00024486, 135.85409522, 12012078, TICK
381, 0.23129392, 136.08539748, 12012082, RX 2 4 8 10 14 16 20
382, 0.23215222, 136.31772399, 12062903, REPEAT 3 {     TICK
383, 0.00018644, 136.31808543, 12117799, TICK
384, 0.23398566, 136.55207849, 12117803, RX 2 4 8 10 14 16 20
385, 0.00024056, 136.55249786, 12170293, TICK
386, 0.44952607, 137.00203300, 12170297, RX 2 4 8 10 14 16 20
387, 0.22784925, 137.23006105, 12220754, REPEAT 3 {     TICK
388, 0.00018835, 137.23042202, 12275029, TICK
389, 0.23198891, 137.46241808, 12275033, RX 2 4 8 10 14 16 20
390, 0.00024652, 137.46283555, 12326893, TICK
391, 0.24306130, 137.70590591, 12326897, RX 2 4 6 8 10 14 16
392, 0.70439458, 138.41047740, 12378629, REPEAT 3 {     TICK
393, 0.00019670, 138.41085553, 12435271, TICK
394, 0.24826622, 138.65912986, 12435275, RX 2 4 6 8 10 14 16
395, 0.00026536, 138.65957975, 12489532, TICK
396, 0.23525286, 138.89484119, 12489536, RX 2 4 8 10 14 16 20
397, 0.23671055, 139.13173580, 12540978, REPEAT 3 {     TICK
398, 0.00019312, 139.13211751, 12596473, TICK
399, 0.23915577, 139.37128115, 12596477, RX 2 4 8 10 14 16 20
400, 0.00023484, 139.37169671, 12649558, TICK
401, 0.24205709, 139.61376166, 12649562, RX 2 4 8 10 14 16 20
402, 0.24609089, 139.86002707, 12701525, REPEAT 3 {     TICK
403, 0.00020003, 139.86040425, 12758191, TICK
404, 0.24513268, 140.10554433, 12758195, RX 2 4 8 10 14 16 20
405, 0.00023437, 140.10595441, 12812474, TICK
406, 0.22614598, 140.33210850, 12812478, RX 2 4 8 10 14 16 20
407, 0.22890592, 140.56118703, 12863122, REPEAT 3 {     TICK
408, 0.00019050, 140.56155515, 12917347, TICK
409, 2.75217319, 143.31373525, 12917351, RX 2 4 8 10 14 16 20
Partition 10/12 layer tree generation time (s): 4.154794931411743
410, 5.62112403, 148.93509626, 12969147, TICK
411, 0.23363328, 149.16874480, 12969151, RX 2 4 8 10 14 16 20
412, 0.23414397, 149.40307593, 13020185, REPEAT 3 {     TICK
413, 0.00019145, 149.40345097, 13075618, TICK
414, 0.23730421, 149.64076352, 13075622, RX 2 4 8 10 14 16 20
415, 0.00024414, 149.64119554, 13128645, TICK
416, 0.23379612, 149.87500072, 13128649, RX 2 4 8 10 14 16 20
417, 0.23300004, 150.10818267, 13179613, REPEAT 3 {     TICK
418, 0.00019550, 150.10855603, 13234553, TICK
419, 0.23423862, 150.34280276, 13234557, RX 2 4 8 10 14 16 20
420, 0.00024867, 150.34323263, 13287086, TICK
421, 0.22413707, 150.56737995, 13287090, RX 2 4 8 10 14 16 20
422, 0.63828993, 151.20586705, 13337184, REPEAT 3 {     TICK
423, 0.00018358, 151.20622230, 13390861, TICK
424, 0.22471118, 151.43094277, 13390865, RX 2 4 8 10 14 16 20
425, 0.00026035, 151.43138647, 13442110, TICK
426, 0.23450184, 151.66589785, 13442114, RX 2 4 6 8 10 12 14
427, 0.23756218, 151.90365696, 13492986, REPEAT 3 {     TICK
428, 0.00019765, 151.90403748, 13548348, TICK
429, 0.23868608, 152.14273095, 13548352, RX 2 4 6 8 10 12 14
430, 0.00024176, 152.14314818, 13601288, TICK
431, 0.22468591, 152.36784196, 13601292, RX 2 4 6 8 10 14 16
432, 0.22643232, 152.59444499, 13651514, REPEAT 3 {     TICK
433, 0.00018978, 152.59480524, 13705223, TICK
434, 0.22881818, 152.82363105, 13705227, RX 2 4 6 8 10 14 16
435, 0.00024629, 152.82404685, 13756494, TICK
436, 0.22549725, 153.04955244, 13756498, RX 2 4 8 10 14 16 20
437, 0.22513318, 153.27485728, 13806418, REPEAT 3 {     TICK
438, 0.00018978, 153.27521610, 13860095, TICK
439, 0.22629309, 153.50151634, 13860099, RX 2 4 8 10 14 16 20
440, 0.00024271, 153.50194049, 13911331, TICK
441, 0.23274255, 153.73469114, 13911335, RX 2 4 8 10 14 16 20
442, 0.23292494, 153.96778870, 13961992, REPEAT 3 {     TICK
443, 0.00018883, 153.96815181, 14016896, TICK
444, 0.23428345, 154.20244384, 14016900, RX 2 4 8 10 14 16 20
445, 0.00024271, 154.20285988, 14069387, TICK
446, 0.36858296, 154.57144976, 14069391, RX 2 4 6 8 10 14 16
447, 0.23415303, 154.80577087, 14120103, REPEAT 3 {     TICK
448, 0.00018382, 154.80612779, 14174884, TICK
449, 0.70974088, 155.51587725, 14174888, RX 2 4 6 8 10 14 16
450, 0.00025773, 155.51631594, 14227228, TICK
451, 0.43709517, 155.95341825, 14227232, RX 2 4 8 10 14 16 20
452, 0.23133421, 156.18491983, 14278077, REPEAT 3 {     TICK
453, 0.00018549, 156.18527913, 14332976, TICK
454, 2.77693820, 158.96222711, 14332980, RX 2 4 8 10 14 16 20
Partition 11/12 layer tree generation time (s): 4.062267303466797
455, 5.61461425, 164.57708812, 14385457, TICK
456, 0.37673283, 164.95383573, 14385461, RX 2 4 8 10 14 16 20
457, 0.23581815, 165.18984461, 14435858, REPEAT 3 {     TICK
458, 0.00019908, 165.19023633, 14490083, TICK
459, 0.68759799, 165.87784243, 14490087, RX 2 4 8 10 14 16 20
460, 0.00027561, 165.87830591, 14541866, TICK
461, 0.45456624, 166.33288097, 14541870, RX 2 4 8 10 14 16 18
462, 0.24916649, 166.58224225, 14593266, REPEAT 3 {     TICK
463, 0.00025344, 166.58272600, 14649307, TICK
464, 0.35084581, 166.93358326, 14649311, RX 2 4 8 10 14 16 18
465, 0.00037932, 166.93420601, 14702943, TICK
466, 0.27935576, 167.21357179, 14702947, RX 2 4 8 10 14 16 20
467, 0.23026514, 167.44401884, 14753655, REPEAT 3 {     TICK
468, 0.00021195, 167.44440794, 14808012, TICK
469, 0.23251700, 167.67693496, 14808016, RX 2 4 8 10 14 16 20
470, 0.00030208, 167.67741442, 14859952, TICK
471, 0.23467183, 167.91209412, 14859956, RX 2 4 8 10 14 16 20
472, 0.23827982, 168.15054631, 14910625, REPEAT 3 {     TICK
473, 0.00020742, 168.15093851, 14965443, TICK
474, 0.23907423, 168.39002061, 14965447, RX 2 4 8 10 14 16 20
475, 0.00024962, 168.39044809, 15017845, TICK
476, 0.24156952, 168.63202572, 15017849, RX 2 4 6 8 10 14 16
477, 0.23703527, 168.86922908, 15068642, REPEAT 3 {     TICK
478, 0.00018954, 168.86959672, 15123522, TICK
479, 0.24097919, 169.11058402, 15123526, RX 2 4 6 8 10 14 16
480, 0.00025082, 169.11101294, 15175976, TICK
481, 0.24094486, 169.35196781, 15175980, RX 2 4 8 10 14 16 20
482, 0.24856830, 169.60071659, 15227414, REPEAT 3 {     TICK
483, 0.00019288, 169.60109782, 15283418, TICK
484, 0.24838257, 169.84948826, 15283422, RX 2 4 8 10 14 16 20
485, 0.00023580, 169.84989858, 15337008, TICK
486, 0.23681092, 170.08671761, 15337012, RX 2 4 8 10 14 16 20
487, 0.74571085, 170.83260036, 15387650, REPEAT 3 {     TICK
488, 0.00019455, 170.83296847, 15441945, TICK
489, 0.23917341, 171.07214928, 15441949, RX 2 4 8 10 14 16 20
490, 0.00023627, 171.07255507, 15493820, TICK
491, 0.45699191, 171.52955532, 15493824, RX 2 4 8 10 14 16 20
492, 0.23908544, 171.76881051, 15544480, REPEAT 3 {     TICK
493, 0.00019360, 171.76917839, 15599286, TICK
494, 0.24385667, 172.01304221, 15599290, RX 2 4 8 10 14 16 20
495, 0.00023150, 172.01344371, 15651670, TICK
496, 0.19929028, 172.21274137, 15651674, RX 2 4 8 10 14 16 20
497, 0.19934392, 172.41224933, 15699143, REPEAT 3 {     TICK
498, 0.00016642, 172.41258454, 15748229, TICK
499, 0.22801828, 172.64061213, 15748233, RX 2 4 8 10 14 16 20
Partition 12/12 layer tree generation time (s): 0.2631502151489258
500, 1.77136326, 174.41222978, 15817114, None
